VectEdit 3
25
426 120
364 109
346 149
303 159
345 169
351 191
421 188
370 134
385 140
348 180
366 179
378 163
425 278
386 305
417 347
395 349
403 302
448 346
430 347
413 243
386 276
370 285
406 233
376 261
359 262
24
3 4 16
4 5 16
6 7 16
1 7 16
1 2 16
2 3 16
8 9 16
5 10 16
6 10 16
10 11 16
11 12 16
7 13 16
13 14 16
14 15 16
15 16 16
18 19 16
17 18 16
13 17 16
21 22 16
20 21 16
7 20 16
7 23 16
23 24 16
24 25 16
6
3 4 5 15
1 2 3 15
1 3 7 15
3 5 7 15
5 7 10 15
6 7 10 15

