VectEdit 3
294
736 19
957 16
959 442
737 442
785 74
829 77
830 135
786 136
872 137
870 77
912 80
912 139
782 199
828 200
828 254
787 254
870 263
915 261
918 200
870 195
869 323
917 323
918 381
870 380
827 379
828 323
783 322
781 382
3 21
217 22
215 444
1 443
47 323
88 325
89 383
48 381
129 381
173 385
175 327
130 321
134 263
173 264
175 205
132 204
87 203
45 201
44 261
87 260
130 80
174 82
175 143
128 139
87 143
88 85
42 77
42 144
738 94
696 90
697 153
738 153
679 153
680 199
738 199
695 198
727 200
729 216
695 218
735 407
687 404
687 419
676 420
676 432
667 433
669 443
219 51
738 55
503 54
490 42
469 42
456 58
471 70
486 68
495 85
483 97
467 85
514 91
493 114
467 112
449 93
449 74
600 162
600 202
359 201
365 154
219 408
220 94
260 97
262 157
220 158
280 157
279 204
218 205
267 205
232 204
232 220
265 221
728 404
727 390
695 390
697 406
259 405
260 390
229 390
229 407
268 408
266 420
279 419
278 430
288 430
286 444
369 395
369 383
408 385
410 396
428 396
428 382
466 384
466 398
488 398
488 382
522 383
524 397
545 399
545 383
584 383
587 401
371 202
370 215
406 217
408 204
427 204
428 218
467 219
467 203
490 202
491 217
526 218
524 202
545 200
545 214
584 218
584 200
358 398
358 446
599 446
598 402
377 217
398 217
376 382
400 384
436 220
457 220
435 381
457 381
498 218
518 218
495 381
516 382
552 216
574 217
553 380
575 380
702 218
722 217
701 387
721 387
238 221
256 222
235 388
253 388
358 412
360 432
598 417
599 434
305 109
329 111
332 140
305 140
349 113
372 114
373 140
354 140
633 112
652 117
654 142
634 143
609 115
589 113
591 139
610 139
633 167
653 170
657 198
635 199
287 111
286 139
271 139
270 110
673 115
688 113
688 138
673 138
611 237
594 236
592 259
609 260
635 258
654 259
655 237
636 234
676 232
680 258
694 258
694 234
590 289
608 291
609 316
591 316
633 318
654 318
652 297
633 290
679 294
693 294
693 321
678 319
590 350
607 353
610 381
592 379
630 352
653 352
654 379
631 380
673 354
689 353
691 379
674 376
305 169
327 170
305 197
326 200
267 235
281 236
281 262
266 259
303 230
326 234
329 259
305 258
348 257
363 259
364 234
349 231
266 295
284 297
285 322
267 321
306 319
329 320
329 293
306 292
349 292
368 294
368 321
352 318
266 353
283 352
284 381
265 380
309 380
331 380
329 356
308 351
350 357
365 357
362 379
350 380
847 442
957 298
958 170
847 18
480 158
475 415
180
4 68 16
63 68 16
57 60 16
57 76 16
1 76 16
57 58 16
58 59 16
59 61 16
61 62 16
62 64 16
64 67 16
65 66 16
63 65 16
64 65 16
59 60 16
29 32 16
31 32 16
31 95 16
95 102 16
99 102 16
96 99 16
75 96 16
30 75 16
29 30 16
96 97 16
97 98 16
98 99 16
102 104 16
104 105 16
103 106 16
101 103 16
100 101 16
98 100 16
103 104 16
107 108 16
107 110 16
109 110 16
69 110 16
69 70 16
70 71 16
71 72 16
72 73 16
73 74 16
4 74 16
74 155 16
154 155 16
120 154 16
31 120 16
95 114 16
111 114 16
111 112 16
113 114 16
111 115 16
115 116 16
116 117 16
117 118 16
118 119 16
119 120 16
91 92 16
93 94 16
93 137 16
137 140 16
140 141 16
141 144 16
144 145 16
145 148 16
148 149 16
149 152 16
92 152 16
151 152 16
149 150 16
147 148 16
145 146 16
143 144 16
141 142 16
139 140 16
137 138 16
121 153 16
136 156 16
133 136 16
132 133 16
129 132 16
128 129 16
125 128 16
124 125 16
121 124 16
121 122 16
123 124 16
125 126 16
127 128 16
129 130 16
131 132 16
133 134 16
135 136 16
84 85 16
83 84 16
82 83 16
81 82 16
81 85 16
88 89 16
87 88 16
86 87 16
77 86 16
77 78 16
78 79 16
79 80 16
80 90 16
89 90 16
76 77 16
75 80 16
89 94 16
86 91 16
159 160 16
123 160 16
122 159 16
157 159 16
158 160 16
139 158 16
157 158 16
138 157 16
161 162 16
142 161 16
143 162 16
163 164 16
127 164 16
126 163 16
161 163 16
162 164 16
147 166 16
165 166 16
146 165 16
167 168 16
130 167 16
131 168 16
165 167 16
166 168 16
171 172 16
135 172 16
134 171 16
169 171 16
170 172 16
151 170 16
150 169 16
169 170 16
175 176 16
108 176 16
109 175 16
67 173 16
173 174 16
66 174 16
174 176 16
173 175 16
112 180 16
179 180 16
113 179 16
177 179 16
105 177 16
177 178 16
106 178 16
178 180 16
60 63 16
3 289 16
4 289 16
1 292 16
2 292 16
2 291 16
290 291 16
3 290 16
91 293 16
94 293 16
153 181 16
181 182 16
154 182 16
156 183 16
183 184 16
155 184 16
182 184 16
181 294 16
183 294 16
68 107 16
563
5 6 7 16
5 7 8 16
9 10 11 16
9 11 12 16
13 14 15 16
13 15 16 16
18 19 20 16
17 18 20 16
25 26 27 16
25 27 28 16
21 22 23 16
21 23 24 16
53 54 56 16
54 55 56 16
49 50 51 16
49 51 52 16
45 46 48 16
46 47 48 16
41 42 44 16
42 43 44 16
33 34 35 16
33 35 36 16
38 39 40 16
37 38 40 16
82 83 84 16
81 84 85 16
81 82 84 16
197 198 200 16
198 199 200 16
193 194 195 16
193 195 196 16
209 210 211 16
209 211 212 16
201 202 203 16
201 203 204 16
221 223 224 16
221 222 223 16
217 219 220 16
217 218 219 16
213 214 216 16
214 215 216 16
225 226 228 16
226 227 228 16
230 231 232 16
229 230 232 16
233 234 236 16
234 235 236 16
237 238 239 16
237 239 240 16
241 242 244 16
242 243 244 16
245 246 248 16
246 247 248 16
205 206 208 16
206 207 208 16
185 186 187 16
185 187 188 16
189 190 191 16
189 191 192 16
249 250 251 16
250 251 252 16
253 254 255 16
253 255 256 16
257 258 259 16
257 259 260 16
262 263 264 16
261 262 264 16
265 266 267 16
265 267 268 16
269 271 272 16
269 270 271 16
273 274 276 16
274 275 276 16
277 278 279 16
277 279 280 16
282 283 284 16
281 282 284 16
285 286 287 16
285 287 288 16
57 58 60 15
58 59 60 15
8 13 14 15
7 8 14 15
7 14 20 15
7 9 20 15
9 19 20 15
9 12 19 15
14 17 20 15
14 15 17 15
15 17 21 15
15 21 26 15
17 18 21 15
18 21 22 15
15 16 26 15
16 26 27 15
21 24 26 15
24 25 26 15
6 7 10 15
7 9 10 15
4 25 28 15
4 25 289 15
24 25 289 15
3 23 24 15
3 24 289 15
3 23 290 15
22 23 290 15
18 22 290 15
18 290 291 15
18 19 291 15
12 19 291 15
11 12 291 15
2 11 291 15
6 10 292 15
2 10 292 15
2 10 11 15
59 61 62 15
59 62 64 15
59 60 64 15
60 64 65 15
60 63 65 15
5 6 292 15
1 5 292 15
1 5 76 15
5 57 76 15
5 8 57 15
8 57 60 15
8 13 60 15
13 60 63 15
13 16 63 15
16 63 68 15
4 28 68 15
27 28 68 15
16 27 68 15
77 78 82 15
77 82 86 15
82 83 86 15
83 84 86 15
84 86 87 15
84 87 88 15
84 85 88 15
85 88 89 15
85 89 90 15
81 85 90 15
80 81 90 15
79 80 81 15
79 81 82 15
78 79 82 15
86 87 91 15
88 89 94 15
93 94 137 15
94 137 140 15
94 140 141 15
87 88 293 15
87 91 293 15
88 94 293 15
94 141 293 15
141 144 293 15
144 145 293 15
91 92 152 15
91 149 152 15
91 149 293 15
148 149 293 15
145 148 293 15
149 150 169 15
149 152 169 15
152 169 170 15
151 152 170 15
147 148 166 15
145 165 166 15
145 146 165 15
145 148 166 15
141 142 161 15
141 144 161 15
144 161 162 15
143 144 162 15
139 140 158 15
137 140 158 15
137 157 158 15
137 138 157 15
64 67 173 15
64 65 173 15
65 66 174 15
65 173 174 15
143 144 146 15
144 145 146 15
147 148 150 15
148 149 150 15
139 140 142 15
140 141 142 15
169 171 172 15
169 170 172 15
166 167 168 15
165 166 167 15
161 163 164 15
161 162 164 15
158 159 160 15
157 158 159 15
133 134 171 15
135 136 172 15
136 171 172 15
133 136 171 15
131 132 168 15
132 167 168 15
129 132 167 15
129 130 167 15
127 128 164 15
128 163 164 15
125 128 163 15
125 126 163 15
123 124 160 15
121 124 160 15
121 159 160 15
121 122 159 15
154 182 184 15
154 155 184 15
181 182 183 15
182 183 184 15
121 153 181 15
136 156 183 15
109 110 175 15
107 108 176 15
107 175 176 15
107 110 175 15
173 174 176 15
173 175 176 15
103 106 178 15
104 105 177 15
133 136 183 15
132 133 183 15
129 132 183 15
128 129 294 15
129 183 294 15
125 128 294 15
125 181 294 15
124 125 181 15
121 124 181 15
68 107 108 15
108 174 176 15
66 108 174 15
63 65 66 15
63 66 108 15
63 68 108 15
72 73 74 15
70 71 72 15
69 70 110 15
4 68 107 15
4 74 107 15
72 74 107 15
70 72 107 15
70 107 110 15
229 230 242 15
229 241 242 15
236 242 245 15
230 236 242 15
230 231 236 15
231 233 236 15
218 222 231 15
222 231 233 15
218 221 222 15
218 219 221 15
62 203 221 15
203 219 221 15
203 204 220 15
203 219 220 15
62 202 203 15
61 62 202 15
61 211 212 15
59 61 211 15
58 59 211 15
58 210 211 15
61 202 212 15
195 202 212 15
194 209 212 15
194 195 212 15
62 64 67 15
62 67 221 15
67 221 224 15
67 173 224 15
173 175 224 15
175 223 224 15
222 223 233 15
223 233 234 15
175 223 234 15
235 236 246 15
236 245 246 15
175 235 246 15
109 175 247 15
175 246 247 15
175 234 235 15
109 247 248 15
69 109 248 15
69 109 110 15
69 70 71 15
71 72 73 15
73 74 184 15
74 155 184 15
71 73 183 15
73 183 184 15
69 71 156 15
71 156 183 15
242 243 245 15
243 245 248 15
69 243 248 15
69 156 243 15
156 243 244 15
156 239 244 15
156 239 240 15
136 156 240 15
135 136 240 15
238 239 241 15
239 241 244 15
227 229 241 15
227 238 241 15
227 229 232 15
226 227 232 15
217 218 232 15
218 231 232 15
216 217 226 15
217 226 232 15
213 216 217 15
213 217 220 15
215 216 226 15
215 225 226 15
227 228 238 15
228 237 238 15
204 213 220 15
92 204 213 15
91 201 204 15
91 92 204 15
195 196 201 15
195 201 202 15
91 196 200 15
91 196 201 15
193 197 200 15
193 196 200 15
92 151 152 15
92 151 214 15
92 213 214 15
91 199 200 15
86 91 199 15
77 86 199 15
77 198 199 15
58 209 210 15
58 194 209 15
57 58 76 15
58 76 77 15
58 77 193 15
77 193 197 15
77 197 198 15
58 193 194 15
151 170 214 15
170 214 215 15
170 215 225 15
170 172 225 15
172 225 228 15
135 172 237 15
172 228 237 15
135 237 240 15
131 133 134 15
131 132 133 15
134 150 169 15
134 169 171 15
131 134 150 15
131 166 168 15
131 147 166 15
131 147 150 15
146 165 167 15
130 146 167 15
127 129 130 15
127 128 129 15
127 143 162 15
127 162 164 15
127 143 146 15
127 130 146 15
123 124 126 15
124 125 126 15
126 142 161 15
126 161 163 15
123 139 158 15
123 158 160 15
126 139 142 15
123 126 139 15
185 188 205 15
188 205 206 15
186 187 189 15
187 189 192 15
187 188 250 15
188 249 250 15
251 257 258 15
251 252 258 15
258 259 264 15
259 261 264 15
252 258 264 15
251 254 257 15
254 255 257 15
255 257 260 15
255 260 272 15
255 266 272 15
255 256 266 15
256 265 266 15
259 260 272 15
259 271 272 15
259 261 271 15
261 271 273 15
261 262 273 15
262 273 274 15
270 271 273 15
270 273 276 15
267 269 272 15
266 267 272 15
267 269 284 15
267 278 284 15
269 270 284 15
270 283 284 15
283 285 288 15
282 283 288 15
270 276 283 15
276 283 285 15
276 285 286 15
275 276 286 15
267 268 278 15
268 277 278 15
278 279 284 15
279 281 284 15
101 251 254 15
100 101 251 15
100 249 251 15
93 252 264 15
93 250 252 15
93 94 250 15
187 192 250 15
94 192 250 15
94 191 192 15
89 94 191 15
89 190 191 15
93 137 138 15
93 138 264 15
138 263 264 15
100 188 206 15
100 188 249 15
100 206 207 15
98 100 207 15
97 98 207 15
97 207 208 15
119 120 182 15
120 154 182 15
117 118 119 15
115 116 117 15
111 112 115 15
117 119 181 15
119 181 182 15
115 117 181 15
112 153 181 15
112 115 181 15
121 122 153 15
122 153 287 15
153 287 288 15
153 282 288 15
153 281 282 15
112 153 281 15
112 279 281 15
112 279 280 15
122 286 287 15
122 159 286 15
159 275 286 15
262 263 274 15
157 263 274 15
138 157 263 15
157 159 274 15
159 274 275 15
104 177 178 15
103 104 178 15
98 100 101 15
98 101 103 15
99 102 104 15
98 99 104 15
98 103 104 15
96 97 98 15
96 98 99 15
106 253 254 15
101 103 254 15
103 106 254 15
106 178 253 15
112 180 280 15
180 277 280 15
178 180 265 15
180 265 268 15
180 268 277 15
178 256 265 15
178 253 256 15
118 119 120 15
116 117 118 15
111 115 116 15
113 114 179 15
111 112 180 15
111 179 180 15
111 114 179 15
177 179 180 15
177 178 180 15
31 95 114 15
31 111 114 15
31 111 116 15
31 116 118 15
31 118 120 15
105 177 179 15
105 113 179 15
102 104 105 15
95 113 114 15
95 102 113 15
102 105 113 15
97 205 208 15
97 185 205 15
89 90 190 15
75 80 90 15
75 90 190 15
75 96 97 15
75 97 185 15
75 185 186 15
75 186 189 15
75 189 190 15
34 37 40 15
40 41 48 15
41 44 45 15
44 52 53 15
49 52 54 15
52 53 54 15
43 44 52 15
43 51 52 15
44 45 53 15
45 53 56 15
45 46 56 15
41 45 48 15
40 41 42 15
39 40 42 15
34 40 48 15
34 47 48 15
33 34 47 15
34 35 37 15
30 50 75 15
50 75 96 15
50 51 96 15
51 96 99 15
43 51 99 15
43 99 102 15
42 43 102 15
31 38 95 15
42 95 102 15
39 42 95 15
38 39 95 15
32 35 36 15
31 32 37 15
31 37 38 15
32 35 37 15
29 30 49 15
30 49 50 15
29 49 54 15
29 54 55 15
29 32 46 15
32 33 36 15
32 33 47 15
32 46 47 15
29 46 56 15
29 55 56 15

