VectEdit 3
37
418 2
402 27
435 26
442 88
528 33
561 34
553 62
498 94
529 140
582 125
605 146
586 156
509 202
567 238
563 274
536 261
454 226
462 277
439 305
424 277
403 199
361 247
321 238
335 214
341 86
307 90
330 119
387 133
454 113
464 145
429 134
429 165
456 184
485 180
503 161
506 139
487 119
0
22
1 2 3 14
2 3 4 14
5 7 8 14
5 6 7 14
10 11 12 14
9 10 12 14
13 14 16 14
14 15 16 14
17 18 20 14
18 19 20 14
22 23 24 14
21 22 24 14
25 27 28 14
25 26 27 14
29 30 37 14
30 36 37 14
30 35 36 14
30 34 35 14
30 33 34 14
30 32 33 14
30 31 32 14
29 30 31 14

