VectEdit 3
37
380 19
379 48
411 34
426 102
490 26
521 13
526 42
484 95
518 124
576 99
606 115
580 136
518 180
593 208
592 243
556 236
473 212
492 276
478 297
451 269
416 205
384 260
345 262
360 232
337 110
308 126
326 150
395 150
465 112
464 145
438 124
428 148
437 173
467 183
494 173
507 152
495 122
0
22
1 2 3 14
2 3 4 14
5 7 8 14
5 6 7 14
10 11 12 14
9 10 12 14
13 14 16 14
14 15 16 14
17 18 20 14
18 19 20 14
22 23 24 14
21 22 24 14
25 27 28 14
25 26 27 14
29 30 37 14
30 36 37 14
30 35 36 14
30 34 35 14
30 33 34 14
30 32 33 14
30 31 32 14
29 30 31 14

