VectEdit 3
37
346 37
351 75
381 50
422 114

449 29
480 5
493 35
467 97

501 118
562 78
592 90
574 111

520 165
591 168
603 196
570 199

489 214
531 272
512 298
483 272

438 205
417 267
388 288
386 249

342 139
312 166
348 180
407 163

443 116
464 145
425 141
436 176
465 184
491 173
504 154
498 129
475 111
0
22
1 2 3 14
2 3 4 14
5 7 8 14
5 6 7 14
10 11 12 14
9 10 12 14
13 14 16 14
14 15 16 14
17 18 20 14
18 19 20 14
22 23 24 14
21 22 24 14
25 27 28 14
25 26 27 14
29 30 37 14
30 36 37 14
30 35 36 14
30 34 35 14
30 33 34 14
30 32 33 14
30 31 32 14
29 30 31 14

